15
0,1,29
1,0,29
1,2,10
2,1,10
2,3,17
3,2,17
3,4,40
4,3,40
4,5,14
5,4,14
5,6,17
6,5,17
6,7,38
7,6,38
7,8,21
8,7,21
8,9,17
9,8,17
9,10,27
10,9,27
10,11,73
11,10,73
11,0,39
0,11,39
11,12,31
12,11,31
3,12,13
12,3,13
12,13,41
13,12,41
11,13,37
13,11,37
6,13,25
13,6,25
13,14,39
14,13,39
6,14,17
14,6,17
9,14,19
14,9,19
